0.0005495400977737705
0.0005476154598549663
0.001655544877421736
0.0009313545421809655
0.0012923717616438422
0.002302223157266732
0.0022997597499157686
0.001962714355280373
0.0013081136499183159
0.0025136264955876327
0.000498856128496278
0.0004981023586018104
0.0006613931944336783
0.0006147713340014136
0.00022135515126062963
3.0453045671396194e-06
3.04481045818668e-06
2.9745749592539157e-06
2.0268254589757418e-06
2.4105119685031497e-06
0.007051804870000457
0.006970523013712128
0.0004155863530314704
0.009754847517913993
0.06119569131322017
7.340270159939573e-05
7.290173252733856e-05
2.911307833166867e-05
5.4911101563964294e-05
6.0394398024033815e-05
4.183282895687064e-07
3.978948865417716e-07
4.416417894221245e-06
4.833014580511777e-08
6.218723120890615e-08
4.254900892480244e-06
4.254910197450829e-06
4.256241216137571e-06
6.042175053911888e-06
6.551469465769993e-06
0.00015322933591304803
0.00014929314653780202
0.002995114035229144
8.835528255052377e-05
0.00030611945665547286
0.0022741160506106334
0.0022469012064512527
0.00016602546208651498
0.0033043734073939695
0.0021271358248119614
4.641195819426067e-06
4.600877604045097e-06
4.235972525567604e-06
3.822614319642919e-06
9.838542585840806e-06
0.00016260025938228344
0.0001617011881285271
9.776435019742264e-05
0.00017981996112095486
6.790307621100364e-05
9.884187051223467e-05
9.929363255685256e-05
0.00028592421754924187
0.00025205262611391305
0.00023955490265445731
2.286851470747109e-05
2.270000843713035e-05
1.0364690328199282e-05
6.0895273740360185e-05
3.551957862690127e-05
0.0003623581738826349
0.0003625684694130429
0.0003935662626180389
0.0004841448408048402
0.0007962305147179562
0.00013138625535788975
0.00012845572103834153
9.198457385761104e-05
7.543137386144726e-05
4.5807841528454516e-05
0.0013119288897112153
0.001307056655289134
0.0007124615030687651
0.00022886831788976274
0.0003207242308753519
8.783319595060722e-05
8.72352822605046e-05
5.3683895255868754e-05
5.3438773455088685e-05
6.413778928752451e-05
4.9615615230928e-08
4.8669910119903896e-08
7.523264526585405e-09
1.8367759776321345e-10
1.8367759774887076e-10
5.2629130722634205e-06
5.260109988677356e-06
4.871910708412402e-06
5.085037104429034e-06
5.056525068536573e-06
2.5390750324410137e-07
2.528292664981666e-07
1.2248412115046946e-07
6.008252579463928e-10
3.563165970105182e-20
2.480890211235006e-06
2.464322629789961e-06
7.870278184018618e-07
7.204032200607431e-07
3.401616651811116e-06
3.129563311556123e-07
3.106354801141398e-07
2.2429971533041873e-07
2.1961180221740405e-07
2.4817947869502526e-07
0.0016288098240537906
0.0015947742268242536
0.0005788739744619345
8.531160046152268e-05
0.000169475788527582
2.709867912081466e-07
2.636428635802996e-07
2.8274282589308325e-07
2.271480249635431e-08
2.271480249635431e-08
7.966467589805999e-08
7.941115481974806e-08
9.305756628633725e-08
3.6092455036202645e-07
1.3696473042604589e-06
4.739971930716472e-06
4.681114930366173e-06
8.564583557052204e-08
4.0628605399399595e-08
5.085030550601355e-06
1.3975203146401982e-05
1.3775581809726691e-05
1.830548208420106e-08
3.8047663488423297e-06
3.496531841182606e-06
2.827153588083705e-08
2.7434399335972168e-08
2.531402282667275e-07
1.269016507142633e-07
4.233339235488292e-08
6.161545026496467e-07
6.116297915210979e-07
2.6071088047281657e-07
5.107904254884042e-07
5.528335392509411e-07
2.989790185043536e-06
2.933936467637983e-06
5.617403690343109e-07
1.625597740576951e-07
1.2053745619039399e-06
3.393328016655127e-08
3.3041291298325727e-08
1.3837926859075454e-07
3.527759463981811e-08
5.743914955716234e-08
2.8410700572543036e-08
2.794093593287017e-08
8.057444564288143e-09
5.6974870352006315e-09
2.1418390052078304e-08